initial guess: [3.14159265 0.         0.78539816 3.14159265 0.         1.04719755]     

Iteration 1:
joint vector: [ 2.93655492 -1.03475591  2.65500506  1.73752364  0.14498357  1.35461618]
SE(3) end-effector config: [[-0.00415768  0.99798522 -0.06331047 -0.24087925]
 [-0.03078857 -0.06340875 -0.9975126  -0.1441144 ]
 [-0.99951727 -0.00219809  0.03099018  0.15819773]
 [ 0.          0.          0.          1.        ]]
error twist V_b: [-0.0634123   0.03091506  0.00318053  0.05487815 -0.26669259 -0.23670012]
angular error magnitude ||omega_b||: 0.07061853158223823
linear error magnitude ||v_b||: 0.36078178084822293

Iteration 2:
joint vector: [ 2.04586145 -0.6611911   1.72356466  0.68373607  1.07025022  2.98015351]
SE(3) end-effector config: [[ 0.73541754  0.57608637 -0.356771   -0.32410848]
 [ 0.46334701 -0.81170909 -0.35558108  0.30578614]
 [-0.49443967  0.09619179 -0.86387299 -0.04671087]
 [ 0.          0.          0.          1.        ]]
error twist V_b: [-0.81090417 -0.92106682 -0.57712192 -0.28034648 -0.03515046  0.16893733]
angular error magnitude ||omega_b||: 1.3560971098790056
linear error magnitude ||v_b||: 0.3291952658928316

Iteration 3:
joint vector: [ 2.67620995 -0.27018365  1.29405445  1.46374743  0.18156055  2.59171916]
SE(3) end-effector config: [[ 0.37976032  0.87040938 -0.3133203  -0.57116772]
 [-0.01843598 -0.33150537 -0.94327319  0.07460171]
 [-0.92490119  0.3639941  -0.10984574 -0.06599037]
 [ 0.          0.          0.          1.        ]]
error twist V_b: [-0.33723828 -0.04780652 -0.38897717 -0.14959076  0.0973259  -0.04283147]
angular error magnitude ||omega_b||: 0.5170283950555892
linear error magnitude ||v_b||: 0.18353272584298008

Iteration 4:
joint vector: [ 2.62892148 -0.58406853  1.96526172  2.99385818  0.35456648  0.34113794]
SE(3) end-effector config: [[-0.14026389  0.92240299 -0.35985937 -0.53444077]
 [-0.29649502 -0.38590401 -0.87359533  0.08749619]
 [-0.94467812 -0.01583737  0.32761629 -0.00331317]
 [ 0.          0.          0.          1.        ]]
error twist V_b: [-0.38988301  0.32628365  0.0816093  -0.1061136   0.02840241 -0.00174061]
angular error magnitude ||omega_b||: 0.5149076235587963
linear error magnitude ||v_b||: 0.10986274799780699

Iteration 5:
joint vector: [ 2.54266011 -0.51679398  1.81556049  1.48371798  0.20607464  1.94451245]
SE(3) end-effector config: [[ 0.04820591  0.91801241 -0.39361073 -0.45832551]
 [ 0.05754095 -0.39596676 -0.91646024  0.08368801]
 [-0.99717863  0.02153007 -0.07191125  0.00444863]
 [ 0.          0.          0.          1.        ]]
error twist V_b: [-0.40625272 -0.06660563 -0.03588049 -0.09582419 -0.04291372 -0.01092262]
angular error magnitude ||omega_b||: 0.4132372067326844
linear error magnitude ||v_b||: 0.10556119616197553

Iteration 6:
joint vector: [ 2.56662627 -0.6532521   1.89639298  2.52692271  0.53753303  0.94367182]
SE(3) end-effector config: [[-0.10608324  0.98714724 -0.11952685 -0.50504915]
 [-0.28928774 -0.14564456 -0.94609739  0.11345561]
 [-0.95134586 -0.06578742  0.30102004  0.07768951]
 [ 0.          0.          0.          1.        ]]
error twist V_b: [-0.13519634  0.30096552  0.08762741 -0.0203543   0.0050757   0.01638252]
angular error magnitude ||omega_b||: 0.34137495224722236
linear error magnitude ||v_b||: 0.0266166724561375

Iteration 7:
joint vector: [ 2.57246487 -0.64411788  1.75775917  2.03127973  0.46566873  1.56652318]
SE(3) end-effector config: [[-0.00144658  0.99465161 -0.10327668 -0.49950212]
 [-0.00135233 -0.10327864 -0.99465154  0.10317504]
 [-0.99999804 -0.00129918  0.0014945   0.08758542]
 [ 0.          0.          0.          1.        ]]
error twist V_b: [-0.10346221  0.00142596  0.00137533 -0.01241201 -0.00034157  0.00320696]
angular error magnitude ||omega_b||: 0.10348118104166003
linear error magnitude ||v_b||: 0.012824162650460469

Iteration 8:
joint vector: [ 2.58572365 -0.66232853  1.73924088  2.06393619  0.5558652   1.57151754]
SE(3) end-effector config: [[ 8.91346536e-05  9.99999996e-01 -3.92928481e-06 -4.99988384e-01]
 [ 3.92650827e-04 -3.96428332e-06 -9.99999923e-01  1.00277898e-01]
 [-9.99999919e-01  8.91331039e-05 -3.92651179e-04  1.00168192e-01]
 [ 0.00000000e+00  0.00000000e+00  0.00000000e+00  1.00000000e+00]]
error twist V_b: [-3.94678417e-06 -3.92651014e-04 -8.91338812e-05  1.68136791e-04
 -1.16224725e-05  2.77930755e-04]
angular error magnitude ||omega_b||: 0.00040266020979126384
linear error magnitude ||v_b||: 0.00032503933131344614

Iteration 9:
joint vector: [ 2.58618884 -0.66208416  1.73963473  2.06404153  0.55540367  1.57079698]
SE(3) end-effector config: [[ 1.81784176e-07  1.00000000e+00 -1.41464921e-07 -4.99999887e-01]
 [ 2.91276488e-07 -1.41464974e-07 -1.00000000e+00  1.00000028e-01]
 [-1.00000000e+00  1.81784135e-07 -2.91276514e-07  9.99999573e-02]
 [ 0.00000000e+00  0.00000000e+00  0.00000000e+00  1.00000000e+00]]
error twist V_b: [-1.41464947e-07 -2.91276501e-07 -1.81784155e-07 -4.27329274e-08
 -1.12569576e-07  2.83373380e-08]
angular error magnitude ||omega_b||: 3.7134863778357676e-07
linear error magnitude ||v_b||: 1.2369728093731015e-07

Inverse Kinematics Successful!
Matrix of Joint Angles at Each Iteration:
Iteration 1: [ 2.93655492 -1.03475591  2.65500506  1.73752364  0.14498357  1.35461618]
Iteration 2: [ 2.04586145 -0.6611911   1.72356466  0.68373607  1.07025022  2.98015351]
Iteration 3: [ 2.67620995 -0.27018365  1.29405445  1.46374743  0.18156055  2.59171916]
Iteration 4: [ 2.62892148 -0.58406853  1.96526172  2.99385818  0.35456648  0.34113794]
Iteration 5: [ 2.54266011 -0.51679398  1.81556049  1.48371798  0.20607464  1.94451245]
Iteration 6: [ 2.56662627 -0.6532521   1.89639298  2.52692271  0.53753303  0.94367182]
Iteration 7: [ 2.57246487 -0.64411788  1.75775917  2.03127973  0.46566873  1.56652318]
Iteration 8: [ 2.58572365 -0.66232853  1.73924088  2.06393619  0.5558652   1.57151754]
Iteration 9: [ 2.58618884 -0.66208416  1.73963473  2.06404153  0.55540367  1.57079698]